 16.000000	182831957.882234	182831957.882234	  0.000000
 16.015625	181877365.218738	181824827.754849	52537.463888
 16.031250	180918058.225065	180810408.543834	107649.681231
 16.046875	179954073.416986	179788821.630826	165251.786160
 16.062500	178985447.677519	178760191.673964	225256.003555
 16.078125	178012218.263450	177724646.584275	287571.679175
 16.093750	177034422.812128	176682317.500685	352105.311442
 16.109375	176052099.348570	175633338.763659	418760.584910
 16.125000	175065286.292885	174577847.887486	487438.405400
 16.140625	174074022.468032	173515985.531217	558036.936815
 16.156250	173078347.107920	172447895.468279	630451.639640
 16.171875	172078299.865880	171373724.554756	704575.311123
 16.187500	171073920.823523	170293622.696378	780298.127145
 16.203125	170065250.499993	169207742.814204	857507.685789
 16.218750	169052329.861648	168116240.809040	936089.052608
 16.234375	168035200.332177	167019275.524584	1015924.807593
 16.250000	167013903.803190	165917008.709328	1096895.093862
 16.265625	165988482.645289	164809604.977226	1178877.668063
 16.281250	164958979.719651	163697231.767149	1261747.952502
 16.296875	163925438.390154	162580059.301135	1345379.089019
 16.312500	162887902.536062	161458260.541465	1429641.994597
 16.328125	161846416.565305	160332011.146567	1514405.418738
 16.343750	160801025.428382	159201489.425778	1599536.002604
 16.359375	159751774.632926	158066876.292980	1684898.339946
 16.375000	158698710.258947	156928355.219120	1770355.039827
 16.390625	157641878.974811	155786112.183646	1855766.791165
 16.406250	156581328.053976	154640335.624871	1940992.429105
 16.421875	155517105.392536	153491216.389289	2025889.003247
 16.437500	154449259.527607	152338947.679857	2110311.847750
 16.453125	153377839.656608	151183725.003271	2194114.653337
 16.468750	152302895.657476	150025746.116255	2277149.541221
 16.484375	151224478.109876	148865210.970882	2359267.138994
 16.500000	150142638.317450	155193201.021416	5050562.703966
 16.515625	149057428.331164	153913614.147977	4856185.816813
 16.531250	147968900.973825	152630970.556770	4662069.582944
 16.546875	146877109.865809	151345527.481739	4468417.615930
 16.562500	145782109.452088	150057544.550247	4275435.098159
 16.578125	144683955.030625	148767283.694061	4083328.663436
 16.593750	143582702.782200	147475009.059257	3892306.277057
 16.609375	142478409.801767	146180986.915075	3702577.113308
 16.625000	141371134.131415	144885485.561774	3514351.430359
 16.640625	140260934.795034	143588775.237532	3327840.442498
 16.656250	139147871.834773	142291128.024424	3143256.189650
 16.671875	138032006.349412	140992817.753540	2960811.404127
 16.687500	136913400.534736	139694119.909278	2780719.374542
 16.703125	135792117.726048	138395311.532857	2603193.806809
 16.718750	134668222.442939	137096671.125097	2428448.682158
 16.734375	133541780.436450	135798478.548516	2256698.112066
 16.750000	132412858.738761	134501014.928786	2088156.190025
 16.765625	131281525.715581	133204562.555597	1923036.840017
 16.781250	130147851.121370	131909404.782970	1761553.661599
 16.796875	129011906.157599	130615825.929073	1603919.771474
 16.812500	127873763.534198	129324111.175584	1450347.641386
 16.828125	126733497.534426	128034546.466651	1301048.932225
 16.843750	125591184.083340	126747418.407484	1156234.324144
 16.859375	124446900.820108	125463014.162645	1016113.342536
 16.875000	123300727.174401	124181621.354067	880894.179666
 16.890625	122152744.447115	122903527.958863	750783.511748
 16.906250	121003035.895699	121629022.206956	625986.311257
 16.921875	119851686.824392	120358392.478593	506705.654201
 16.937500	118698784.679656	119091927.201779	393142.522123
 16.953125	117544419.151175	117829914.749690	285495.598515
 16.968750	116388682.278739	116572643.338092	183961.059354
 16.984375	115231668.565426	115320400.922840	88732.357414
 17.000000	114073475.097474	114073475.097474	  0.000000
 17.015625	112914201.671280	112832152.990985	82048.680294
 17.031250	111753950.928005	111596721.165784	157229.762221
 17.046875	110592828.496271	110367465.515912	225362.980359
 17.062500	109430943.143495	109144671.165560	286271.977935
 17.078125	108268406.936422	107928622.367924	339784.568497
 17.093750	107105335.411478	106719602.404448	385733.007031
 17.109375	105941847.755596	105517893.484498	423954.271098
 17.125000	104778066.998201	104323776.645520	454290.352681
 17.140625	103614120.215115	103137531.653709	476588.561406
 17.156250	102450138.745181	101959436.905253	490701.839929
 17.171875	101286258.420441	100789769.328178	496489.092263
 17.187500	100122619.810791	99628804.284850	493815.525941
 17.203125	98959368.484083	98476815.475167	482553.008916
 17.218750	97796655.282701	97334074.840493	462580.442209
 17.234375	96634636.617712	96200852.468362	433784.149351
 17.250000	95473474.781765	95077416.498011	396058.283754
 17.265625	94313338.281979	93964033.026765	349305.255214
 17.281250	93154402.194147	92860966.017327	293436.176820
 17.296875	91996848.539637	91768477.206004	228371.333633
 17.312500	90840866.686488	90686826.011914	154040.674574
 17.328125	89686653.776242	89616269.447211	70384.329031
 17.343750	88534415.178168	88557062.028359	22646.850191
 17.359375	87384364.972585	87509455.688507	125090.715923
 17.375000	86236726.465097	86473699.690984	236973.225887
 17.390625	85091732.733610	85450040.543961	358307.810351
 17.406250	83949627.210068	84438721.916314	489094.706247
 17.421875	82810664.298924	83439984.554722	629320.255798
 17.437500	81675110.034387	82454066.202024	778956.167636
 17.453125	80543242.778525	81481201.516887	937958.738361
 17.468750	79415353.962320	80521621.994802	1106268.032483
 17.484375	78291748.871737	79575555.890444	1283807.018708
 17.500000	77172747.480841	68018539.931178	9154207.549663
 17.515625	76058685.333866	67082727.919173	8975957.414694
 17.531250	74949914.478022	66162608.466935	8787306.011086
 17.546875	73846804.448591	65258423.658042	8588380.790548
 17.562500	72749743.307582	64370411.679373	8379331.628209
 17.578125	71659138.736818	63498806.726245	8160332.010573
 17.593750	70575419.185818	62643838.909135	7931580.276683
 17.609375	69499035.074211	61805734.162043	7693300.912168
 17.625000	68430460.047606	60984714.152533	7445745.895073
 17.640625	67370192.284843	60180996.193498	7189196.091345
 17.656250	66318755.853359	59394793.156702	6923962.696656
 17.671875	65276702.107891	58626313.388121	6650388.719771
 17.687500	64244611.126029	57875760.625142	6368850.500887
 17.703125	63223093.171957	57143333.915659	6079759.256298
 17.718750	62212790.177312	56429227.539088	5783562.638225
 17.734375	61214377.225127	55733630.929361	5480746.295766
 17.750000	60228564.019486	55056728.599925	5171835.419560
 17.765625	59256096.319638	54398700.070784	4857396.248854
 17.781250	58297757.312907	53759719.797616	4538037.515292
 17.796875	57354368.895783	53139957.103005	4214411.792777
 17.812500	56426792.827062	52539576.109825	3887216.717237
 17.828125	55515931.710894	51958735.676784	3557196.034110
 17.843750	54622729.761088	51397589.336196	3225140.424892
 17.859375	53748173.291195	50856285.233979	2891888.057216
 17.875000	52893290.867891	50334966.071921	2558324.795970
 17.890625	52059153.058195	49833769.052242	2225384.005953
 17.906250	51246871.694546	49352825.824474	1894045.870073
 17.921875	50457598.575952	48892262.434688	1565336.141265
 17.937500	49692523.519064	48452199.277085	1240324.241979
 17.953125	48952871.670560	48032751.047986	920120.622573
 17.968750	48239899.992514	47634026.702224	605873.290290
 17.984375	47554892.836208	47256129.411975	298763.424233
 18.000000	46899156.528044	46899156.528044	  0.000000
 18.015625	46274012.904625	46563199.543607	289186.638983
 18.031250	45680791.753488	46248344.060453	567552.306966
 18.046875	45120822.141945	45954669.757715	833847.615769
 18.062500	44595422.649265	45682250.363117	1086827.713852
 18.078125	44105890.556838	45431153.626754	1325263.069916
 18.093750	43653490.096231	45201441.297400	1547951.201169
 18.109375	43239439.904743	44993169.101367	1753729.196624
 18.125000	42864899.890004	44806386.723923	1941486.833919
 18.140625	42530957.756492	44641137.793266	2110180.036773
 18.156250	42238615.494026	44497459.867069	2258844.373043
 18.171875	41988776.167407	44375384.421606	2386608.254199
 18.187500	41782231.373516	44274936.843438	2492705.469922
 18.203125	41619649.743622	44196136.423696	2576486.680074
 18.218750	41501566.861581	44138996.354928	2637429.493346
 18.234375	41428376.941435	44103523.730532	2675146.789097
 18.250000	41400326.560523	44089719.546766	2689392.986243
 18.265625	41417510.678411	44097578.707324	2680068.028913
 18.281250	41479871.091136	44127090.030487	2647218.939351
 18.296875	41587197.379489	44178236.258835	2591038.879346
 18.312500	41739130.315253	44250994.071510	2511863.756256
 18.328125	41935167.597037	44345334.099030	2410166.501993
 18.343750	42174671.703598	44461220.940639	2286549.237041
 18.359375	42456879.582776	44598613.184179	2141733.601404
 18.375000	42780913.842119	44757463.428479	1976549.586360
 18.390625	43145795.075178	44937718.308239	1791923.233061
 18.406250	43550454.945630	45139318.521406	1588863.575776
 18.421875	43993749.658639	45362198.859008	1368449.200369
 18.437500	44474473.472500	45606288.237446	1131814.764947
 18.453125	44991371.940234	45871509.733219	880137.792985
 18.468750	45543154.616398	46157780.620050	614626.003652
 18.484375	46128507.015056	46465012.408420	336505.393364
 18.500000	46746101.656919	54729774.018851	7983672.361932
 18.515625	47394608.094149	55138515.580323	7743907.486174
 18.531250	48072701.847806	55566970.932287	7494269.084481
 18.546875	48779072.233800	56015039.834874	7235967.601074
 18.562500	49512429.087669	56482616.651387	6970187.563718
 18.578125	50271508.426044	56969590.379629	6698081.953585
 18.593750	51055077.103659	57475844.685499	6420767.581841
 18.609375	51861936.539533	58001257.938828	6139321.399295
 18.625000	52690925.595319	58545703.251446	5854777.656127
 18.640625	53540922.693599	59109048.517482	5568125.823883
 18.656250	54410847.264939	59691156.455859	5280309.190920
 18.671875	55299660.610667	60291884.654989	4992224.044322
 18.687500	56206366.264328	60911085.619640	4704719.355312
 18.703125	57130009.929306	61548606.819964	4418596.890659
 18.718750	58069679.063673	62204290.742666	4134611.678993
 18.734375	59024502.176448	62877974.944285	3853472.767836
 18.750000	59993647.892421	63569492.106583	3575844.214163
 18.765625	60976323.835790	64278670.094011	3302346.258220
 18.781250	61971775.376309	65005332.013220	3033556.636911
 18.796875	62979284.275435	65749296.274613	2770011.999178
 18.812500	63998167.264412	66510376.655898	2512209.391486
 18.828125	65027774.581051	67288382.367614	2260607.786563
 18.843750	66067488.487499	68083118.120620	2015629.633121
 18.859375	67116721.787243	68894384.195496	1777662.408252
 18.875000	68174916.356136	69721976.513843	1547060.157707
 18.890625	69241541.699199	70565686.711450	1324145.012251
 18.906250	70316093.542393	71425302.213284	1109208.670890
 18.921875	71398092.466349	72300606.310284	902513.843936
 18.937500	72487082.587198	73191378.237930	704295.650732
 18.953125	73582630.288132	74097393.256527	514762.968396
 18.968750	74684323.004008	75018422.733202	334099.729194
 18.984375	75791768.060312	75954234.225550	162466.165239
 19.000000	76904591.566916	76904591.566916	  0.000000
 19.015625	78022437.366413	77869254.953251	153182.413162
 19.031250	79144966.036245	78847981.031522	296985.004723
 19.046875	80271853.943472	79840522.989631	431330.953841
 19.062500	81402792.350659	80846630.647796	556161.702863
 19.078125	82537486.571174	81866050.551362	671436.019812
 19.093750	83675655.171993	82898526.064999	777129.106994
 19.109375	84817029.222017	83943797.468229	873231.753788
 19.125000	85961351.583837	85001602.052270	959749.531567
 19.140625	87108376.246860	86071674.218114	1036702.028746
 19.156250	88257867.699715	87153745.575829	1104122.123885
 19.171875	89409600.339869	88247545.045016	1162055.294853
 19.187500	90563357.918448	89352798.956382	1210558.962067
 19.203125	91718933.018305	90469231.154390	1249701.863914
 19.218750	92876126.563426	91596563.100927	1279563.462499
 19.234375	94034747.357884	92734513.979940	1300233.377945
 19.250000	95194611.652573	93882800.803012	1311810.849560
 19.265625	96355542.738073	95041138.515804	1314404.222269
 19.281250	97517370.562075	96209240.105321	1308130.456754
 19.296875	98679931.369855	97386816.707970	1293114.661885
 19.312500	99843067.366383	98573577.718323	1269489.648060
 19.328125	101006626.398744	99769230.898576	1237395.500168
 19.343750	102170461.657583	100973482.488611	1196979.168972
 19.359375	103334431.396417	102186037.316649	1148394.079768
 19.375000	104498398.667666	103406598.910407	1091799.757260
 19.390625	105662231.074383	104634869.608729	1027361.465655
 19.406250	106825800.536674	105870550.673630	955249.863044
 19.421875	107988983.071904	107113342.402704	875640.669200
 19.437500	109151658.587810	108362944.241829	788714.345981
 19.453125	110313710.687718	109619054.898138	694655.789580
 19.468750	111475026.487103	110881372.453185	593654.033918
 19.484375	112635496.440785	112149594.476254	485901.964531
 19.500000	113795014.180087	111876397.402747	1918616.777340
 19.515625	114953476.359348	113028114.619288	1925361.740061
 19.531250	116110782.511200	114184651.257898	1926131.253302
 19.546875	117266834.910067	115345754.904947	1921080.005120
 19.562500	118421538.443379	116511173.029755	1910365.413625
 19.578125	119574800.490032	117680653.067493	1894147.422539
 19.593750	120726530.805635	118853942.502093	1872588.303542
 19.609375	121876641.414146	120030788.949126	1845852.465020
 19.625000	123025046.505501	121210940.238617	1814106.266885
 19.640625	124171662.338864	122394144.497761	1777517.841103
 19.656250	125316407.151176	123580150.233515	1736256.917662
 19.671875	126459201.070680	124768706.415012	1690494.655668
 19.687500	127599966.035106	125959562.555784	1640403.479323
 19.703125	128738625.714274	127152468.795744	1586156.918530
 19.718750	129875105.436816	128347175.982900	1527929.453916
 19.734375	131009332.120809	129543435.754762	1465896.366047
 19.750000	132141234.208056	130741000.619411	1400233.588645
 19.765625	133270741.601838	131939624.036196	1331117.565642
 19.781250	134397785.607902	133139060.496016	1258725.111886
 19.796875	135522298.878527	134339065.601167	1183233.277360
 19.812500	136644215.359468	135539396.144704	1104819.214765
 19.828125	137763470.239635	136739810.189297	1023660.050338
 19.843750	138879999.903331	137940067.145539	939932.757793
 19.859375	139993741.884927	139139927.849670	853814.035257
 19.875000	141104634.825812	140339154.640695	765480.185117
 19.890625	142212618.433522	141537511.436848	675106.996674
 19.906250	143317633.442893	142734763.811378	582869.631515
 19.921875	144419621.579153	143930679.067616	488942.511537
 19.937500	145518525.522839	145125026.313302	393499.209536
 19.953125	146614288.876428	146317576.534126	296712.342302
 19.968750	147706856.132610	147508102.666452	198753.466158
 19.984375	148796172.644096	148696379.669209	99792.974887
 20.000000	149882184.594889	149882184.594889	  0.000000
 20.015625	150964838.972937	151065296.659649	100457.686712
 20.031250	152044083.544092	152245497.312458	201413.768366
 20.046875	153119866.827316	153422570.303288	302703.475972
 20.062500	154192138.071056	154596301.750285	404163.679229
 20.078125	155260847.230733	155766480.205920	505632.975187
 20.093750	156325944.947293	156932896.722069	606951.774776
 20.109375	157387382.526753	158095344.914001	707962.387248
 20.125000	158445111.920703	159253621.023244	808509.102541
 20.140625	159499085.707707	160407523.979298	908438.271591
 20.156250	160549257.075562	161556855.460172	1007598.384610
 20.171875	161595579.804370	162701419.951708	1105840.147337
 20.187500	162638008.250386	163841024.805671	1203016.555285
 20.203125	163676497.330594	164975480.296579	1298982.965986
 20.218750	164711002.507984	166104599.677241	1393597.169257
 20.234375	165741479.777498	167228199.232981	1486719.455483
 20.250000	166767885.652600	168346098.334523	1578212.681923
 20.265625	167790177.152447	169458119.489505	1667942.337058
 20.281250	168808311.789637	170564088.392613	1755776.602976
 20.296875	169822247.558497	171663833.974292	1841586.415795
 20.312500	170831942.923885	172757188.448023	1925245.524138
 20.328125	171837356.810496	173843987.356145	2006630.545650
 20.343750	172838448.592626	174924069.614188	2085621.021562
 20.359375	173835178.084394	175997277.553709	2162099.469315
 20.375000	174827505.530381	177063456.963602	2235951.433221
 20.390625	175815391.596685	178122457.129863	2307065.533178
 20.406250	176798797.362355	179174130.873796	2375333.511441
 20.421875	177777684.311206	180218334.588633	2440650.277427
 20.437500	178752014.323975	181254928.274554	2502913.950580
 20.453125	179721749.670821	182283775.572095	2562025.901274
 20.468750	180686853.004149	183304743.793915	2617890.789765
 20.484375	181647287.351734	184317703.954913	2670416.603180
 20.500000	182603016.110141	181647191.913967	955824.196173
 20.515625	183554003.038427	182660806.441084	893196.597343
 20.531250	184500212.252112	183667946.995825	832265.256288
 20.546875	185441608.217399	184668517.216905	773091.000493
 20.562500	186378155.745642	185662423.717437	715732.028205
 20.578125	187309819.988055	186649576.087272	660243.900783
 20.593750	188236566.430629	187629886.894087	606679.536542
 20.609375	189158360.889277	188603271.683212	555089.206065
 20.625000	190075169.505176	189569648.976206	505520.528970
 20.640625	190986958.740308	190528940.268188	458018.472119
 20.656250	191893695.373183	191481070.023929	412625.349254
 20.671875	192795346.494750	192425965.672701	369380.822049
 20.687500	193691879.504471	193363557.601905	328321.902566
 20.703125	194583262.106564	194293779.149477	289482.957087
 20.718750	195469462.306401	195216566.595071	252895.711330
 20.734375	196350448.407059	196131859.150048	218589.257011
 20.750000	197226189.006014	197039598.946257	186590.059757
 20.765625	198096652.991972	197939731.023627	156921.968345
 20.781250	198961809.541837	198832203.316589	129606.225248
 20.796875	199821628.117798	199716966.639312	104661.478487
 20.812500	200676078.464550	200593974.669789	82103.794761
 20.828125	201525130.606618	201463183.932773	61946.673845
 20.843750	202368754.845803	202324553.781567	44201.064237
 20.859375	203206921.758732	203178046.378692	28875.380041
 20.875000	204039602.194511	204023626.675439	15975.519072
 20.890625	204866767.272474	204861262.390316	5504.882158
 20.906250	205688388.380036	205690923.986407	2535.606371
 20.921875	206504437.170624	206512584.647648	8147.477024
 20.937500	207314885.561706	207326220.254043	11334.692336
 20.953125	208119705.732900	208131809.355832	12103.622932
 20.968750	208918870.124160	208929333.146618	10463.022458
 20.984375	209712351.434047	209718775.435479	6424.001432
 21.000000	210500122.618065	210500122.618065	  0.000000
 21.015625	211282156.887076	211273363.646714	8793.240362
 21.031250	212058427.705781	212038489.999591	19937.706189
 21.046875	212828908.791261	212795495.648864	33413.142397
 21.062500	213593574.111590	213544377.027940	49197.083650
 21.078125	214352397.884506	214285132.997784	67264.886722
 21.093750	215105354.576131	215017764.812318	87589.763813
 21.109375	215852418.899763	215742276.082938	110142.816825
 21.125000	216593565.814706	216458672.742158	134893.072549
 21.140625	217328770.525166	217166963.006397	161807.518769
 21.156250	218058008.479180	217867157.337935	190851.141244
 21.171875	218781255.367610	218559268.406053	221986.961556
 21.187500	219498487.123169	219243311.047369	255176.075800
 21.203125	220209679.919501	219919302.225406	290377.694095
 21.218750	220914810.170292	220587260.989394	327549.180898
 21.234375	221613854.528435	221247208.432343	366646.096092
 21.250000	222306789.885221	221899167.648390	407622.236831
 21.265625	222993593.369579	222543163.689456	450429.680124
 21.281250	223674242.347342	223179223.521224	495018.826119
 21.296875	224348714.420555	223807375.978462	541338.442092
 21.312500	225016987.426808	224427651.719718	589335.707090
 21.328125	225679039.438614	225040083.181394	638956.257220
 21.343750	226334848.762803	225644704.531240	690144.231563
 21.359375	226984393.939955	226241551.621273	742842.318682
 21.375000	227627653.743857	226830661.940156	796991.803701
 21.390625	228264607.180989	227412074.565051	852532.615938
 21.406250	228895233.490037	227985830.112971	909403.377065
 21.421875	229519512.141426	228551970.691658	967541.449767
 21.437500	230137422.836884	229110539.850003	1026882.986881
 21.453125	230748945.509023	229661582.528035	1087362.980989
 21.468750	231354060.320949	230205145.006506	1148915.314443
 21.484375	231952747.665883	230741274.856088	1211472.809795
 21.500000	232544988.166812	233784695.392790	1239707.225978
 21.515625	233130762.676156	234340976.301015	1210213.624859
 21.531250	233710052.275454	234889458.731190	1179406.455736
 21.546875	234282838.275067	235430193.176228	1147354.901161
 21.562500	234849102.213897	235963231.056352	1114128.842455
 21.578125	235408825.859128	236488624.655423	1079798.796295
 21.593750	235961991.205980	237006427.057273	1044435.851293
 21.609375	236508580.477473	237516692.082082	1008111.604609
 21.625000	237048576.124213	238019474.222836	970898.098623
 21.640625	237581960.824191	238514828.581905	932867.757714
 21.656250	238108717.482591	239002810.807763	894093.325172
 21.671875	238628829.231613	239483477.031902	854647.800289
 21.687500	239142279.430310	239956883.805966	814604.375656
 21.703125	239649051.664434	240423088.039139	774036.374705
 21.718750	240149129.746295	240882146.935828	733017.189533
 21.734375	240642497.714630	241334117.933666	691620.219036
 21.750000	241129139.834481	241779058.641883	649918.807402
 21.765625	241609040.597087	242217026.780059	607986.182972
 21.781250	242082184.719778	242648080.117317	565895.397539
 21.796875	242548557.145884	243072276.411961	523719.266077
 21.812500	243008143.044652	243489673.351622	481530.306970
 21.828125	243460927.811166	243900328.493918	439400.682751
 21.843750	243906897.066282	244304299.207673	397402.141391
 21.859375	244346036.656562	244701642.614731	355605.958169
 21.875000	244778332.654223	245092415.532383	314082.878160
 21.890625	245203771.357087	245476674.416448	272903.059360
 21.906250	245622339.288540	245854475.305035	232136.016494
 21.921875	246034023.197494	246225873.763014	191850.565520
 21.937500	246438810.058357	246590924.827233	152114.768876
 21.953125	246836687.071010	246949682.952496	112995.881485
 21.968750	247227641.660784	247302201.958347	74560.297563
 21.984375	247611661.478444	247648534.976676	36873.498233
 22.000000	247988734.400180	247988734.400180	  0.000000
 22.015625	248358848.527598	248322851.831698	35996.695899
 22.031250	248721992.187717	248650938.034467	71054.153251
 22.046875	249078153.932971	248973042.883290	105111.049681
 22.062500	249427322.541210	249289215.316683	138107.224527
 22.078125	249769487.015709	249599503.289987	169983.725722
 22.093750	250104636.585175	249903953.729496	200682.855679
 22.109375	250432760.703764	250202612.487609	230148.216154
 22.125000	250753849.051092	250495524.299043	258324.752048
 22.140625	251067891.532255	250782732.738108	285158.794147
 22.156250	251374878.277847	251064280.177087	310598.100760
 22.171875	251674799.643981	251340207.745733	334591.898248
 22.187500	251967646.212315	251610555.291901	357090.920414
 22.203125	252253408.790072	251875361.343335	378047.446738
 22.218750	252532078.410072	252134663.070633	397415.339439
 22.234375	252803646.330754	252388496.251411	415150.079343
 22.250000	253068104.036208	252636895.235666	431208.800541
 22.265625	253325443.236202	252879892.912382	445550.323820
 22.281250	253575655.866216	253117520.677369	458135.188846
 22.296875	253818734.087467	253349808.402369	468925.685098
 22.312500	254054670.286948	253576784.405433	477885.881515
 22.328125	254283457.077453	253798475.422591	484981.654862
 22.343750	254505087.297613	254014906.580818	490180.716796
 22.359375	254719554.011928	254226101.372318	493452.639609
 22.375000	254926850.510796	254432081.630139	494768.880657
 22.390625	255126970.310551	254632867.505113	494102.805438
 22.406250	255319907.153491	254828477.444158	491429.709333
 22.421875	255505655.007911	255018928.169929	486726.837982
 22.437500	255684208.068134	255204234.661836	479973.406298
 22.453125	255855560.754543	255384410.138441	471150.616102
 22.468750	256019707.713611	255559466.041228	460241.672383
 22.484375	256176643.817931	255729412.019773	447231.798158
 22.500000	256326364.166245	257019246.479783	692882.313538
 22.515625	256468864.083473	257110809.455973	641945.372500
 22.531250	256604139.120740	257196706.587676	592567.466937
 22.546875	256732185.055403	257276982.006110	544796.950708
 22.562500	256852997.891076	257351678.094295	498680.203219
 22.578125	256966573.857655	257420835.455345	454261.597690
 22.593750	257072909.411344	257484492.882227	411583.470884
 22.609375	257172001.234672	257542687.328987	370686.094315
 22.625000	257263846.236519	257595453.883476	331607.646957
 22.640625	257348441.552134	257642825.741594	294384.189460
 22.656250	257425784.543155	257684834.183044	259049.639889
 22.671875	257495872.797623	257721508.548640	225635.751017
 22.687500	257558704.130002	257752876.219158	194172.089156
 22.703125	257614276.581192	257778962.595757	164686.014565
 22.718750	257662588.418541	257799791.081974	137202.663432
 22.734375	257703638.135858	257815383.067302	111744.931444
 22.750000	257737424.453424	257825757.912378	88333.458954
 22.765625	257763946.317997	257830932.935755	66986.617758
 22.781250	257783202.902824	257830923.402306	47720.499482
 22.796875	257795193.607644	257825742.513238	30548.905593
 22.812500	257799918.058693	257815401.397731	15483.339038
 22.828125	257797376.108705	257799909.106217	2532.997512
 22.843750	257787567.836916	257779272.605282	8295.231633
 22.859375	257770493.549058	257753496.774214	16996.774844
 22.875000	257746153.777365	257722584.403192	23569.374173
 22.890625	257714549.280561	257686536.193113	28013.087448
 22.906250	257675681.043862	257645350.757065	30330.286797
 22.921875	257629550.278964	257599024.623440	30525.655524
 22.937500	257576158.424037	257547552.240692	28606.183345
 22.953125	257515507.143714	257490925.983727	24581.159988
 22.968750	257447598.329083	257429136.161933	18462.167150
 22.984375	257372434.097669	257362171.028845	10263.068824
 23.000000	257290016.793426	257290016.793426	  0.000000
 23.015625	257200348.986716	257212657.632978	12308.646262
 23.031250	257103433.474294	257130075.707661	26642.233367
 23.046875	256999273.279291	257042251.176622	42977.897331
 23.062500	256887871.651195	256949162.215719	61290.564524
 23.078125	256769232.065826	256850785.036827	81552.971002
 23.093750	256643358.225317	256747093.908736	103735.683419
 23.109375	256510254.058092	256638061.179595	127807.121504
 23.125000	256369923.718838	256523657.300928	153733.582090
 23.140625	256222371.588484	256403850.853177	181479.264693
 23.156250	256067602.274170	256278608.572777	211006.298606
 23.171875	255905620.609224	256147895.380743	242274.771519
 23.187500	255736431.653130	256011674.412749	275242.759619
 23.203125	255560040.691502	255869907.050692	309866.359190
 23.218750	255376453.236052	255722552.955709	346099.719657
 23.234375	255185675.024562	255569570.102645	383895.078082
 23.250000	254987712.020852	255410914.815941	423202.795089
 23.265625	254782570.414748	255246541.806931	463971.392183
 23.281250	254570256.622049	255076404.212514	506147.590464
 23.296875	254350777.284500	254900453.635195	549676.350695
 23.312500	254124139.269754	254718640.184469	594500.914715
 23.328125	253890349.671342	254530912.519507	640562.848165
 23.343750	253649415.808642	254337217.893153	687802.084510
 23.359375	253401345.226845	254137502.197176	736156.970331
 23.375000	253146145.696923	253931710.008773	785564.311849
 23.390625	252883825.215599	253719784.638280	835959.422681
 23.406250	252614392.005312	253501668.178084	887276.172771
 23.421875	252337854.514194	253277301.552690	939447.038496
 23.437500	252054221.416031	253046624.569924	992403.153892
 23.453125	251763501.610242	252809575.973244	1046074.363002
 23.468750	251465704.221846	252566093.495124	1100389.273278
 23.484375	251160838.601439	252316113.911489	1155275.310050
 23.500000	250848914.325166	249700973.144906	1147941.180260
 23.515625	250529941.194700	249403122.012895	1126819.181805
 23.531250	250203929.237217	249099797.924242	1104131.312975
 23.546875	249870888.705379	248790956.551523	1079932.153856
 23.562500	249530830.077314	248476552.602876	1054277.474438
 23.578125	249183764.056600	248156539.862565	1027224.194034
 23.593750	248829701.572254	247830871.232410	998830.339844
 23.609375	248468653.778719	247499498.774035	969155.004684
 23.625000	248100632.055857	247162373.751937	938258.303919
 23.640625	247725648.008944	246819446.677343	906201.331601
 23.656250	247343713.468670	246470667.352835	873046.115836
 23.671875	246954840.491140	246115984.917732	838855.573408
 23.687500	246559041.357880	245755347.894197	803693.463683
 23.703125	246156328.575845	245388704.234044	767624.341802
 23.718750	245746714.877440	245016001.366241	730713.511199
 23.734375	245330213.220531	244637186.245067	693026.975464
 23.750000	244906836.788473	244252205.398910	654631.389564
 23.765625	244476598.990140	243861004.979676	615594.010464
 23.781250	244039513.459956	243463530.812799	575982.647158
 23.796875	243595594.057938	243059728.447803	535865.610135
 23.812500	243144854.869740	242649543.209422	495311.660318
 23.828125	242687310.206709	242232920.249228	454389.957481
 23.843750	242222974.605941	241809804.597752	413170.008190
 23.859375	241751862.830352	241380141.217074	371721.613278
 23.875000	241273989.868746	240943875.053857	330114.814889
 23.890625	240789370.935904	240500951.092786	288419.843117
 23.906250	240298021.472668	240051314.410406	246707.062263
 23.921875	239799957.146047	239594910.229313	205046.916735
 23.937500	239295193.849319	239131683.972687	163509.876632
 23.953125	238783747.702152	238661581.319127	122166.383024
 23.968750	238265635.050730	238184548.257767	81086.792963
 23.984375	237740872.467897	237700531.143646	40341.324251
 24.000000	237209476.753296	237209476.753296	  0.000000
 24.015625	236671464.933543	236711332.340540	39867.406997
 24.031250	236126854.262387	236206045.692437	79191.430051
 24.046875	235575662.220905	235693565.185388	117902.964483
 24.062500	235017906.517698	235173839.841333	155933.323635
 24.078125	234453605.089103	234646819.384045	193214.294943
 24.093750	233882776.099417	234112454.295468	229678.196051
 24.109375	233305437.941145	233570695.872077	265257.930932
 24.125000	232721609.235255	233021496.281244	299887.045989
 24.140625	232131308.831449	232464808.617552	333499.786103
 24.156250	231534555.808458	231900586.959059	366031.150600
 24.171875	230931369.474350	231328786.423459	397416.949109
 24.187500	230321769.366854	230749363.224125	427593.857271
 24.203125	229705775.253712	230162274.725997	456499.472285
 24.218750	229083407.133040	229567479.501282	484072.368242
 24.234375	228454685.233720	228964937.384950	510252.151230
 24.250000	227819630.015809	228354609.529983	534979.514174
 24.265625	227178262.170968	227736458.462352	558196.291383
 24.281250	226530602.622925	227110448.135694	579845.512769
 24.296875	225876672.527947	226476543.985657	599871.457710
 24.312500	225216493.275354	225834712.983883	618219.708529
 24.328125	224550086.488049	225184923.691604	634837.203555
 24.343750	223877474.023081	224527146.312816	649672.289735
 24.359375	223198677.972232	223861352.747000	662674.774768
 24.375000	222513720.662642	223187516.641376	673795.978734
 24.390625	221822624.657459	222505613.442636	682988.785177
 24.406250	221125412.756525	221815620.448150	690207.691626
 24.421875	220422107.997092	221117516.856605	695408.859513
 24.437500	219712733.654583	220411283.818044	698550.163462
 24.453125	218997313.243375	219696904.483291	699591.239917
 24.468750	218275870.517636	218974364.052722	698493.535086
 24.484375	217548429.472194	218243649.824353	695220.352159
 24.500000	216815014.343445	216368832.709400	446181.634045
 24.515625	216075649.610314	215693230.652581	382418.957733
 24.531250	215330359.995249	215008610.097843	321749.897406
 24.546875	214579170.465274	214314964.247925	264206.217349
 24.562500	213822106.233082	213612289.131010	209817.102072
 24.578125	213059192.758185	212900583.632437	158609.125748
 24.593750	212290455.748109	212179849.525229	110606.222880
 24.609375	211515921.159657	211450091.499445	65829.660212
 24.625000	210735615.200216	210711317.190309	24298.009907
 24.640625	209949564.329132	209963537.205137	13972.876006
 24.656250	209157795.259144	209206765.149030	48969.889886
 24.671875	208360334.957886	208441017.649327	80682.691442
 24.687500	207557210.649451	207666314.378810	109103.729359
 24.703125	206748449.816033	206882678.077648	134228.261614
 24.718750	205934080.199634	206090134.574071	156054.374437
 24.734375	205114129.803852	205288712.803768	174582.999916
 24.750000	204288626.895751	204478444.827992	189817.932242
 24.765625	203457600.007804	203659365.850376	201765.842572
 24.781250	202621077.939936	202831514.232440	210436.292504
 24.796875	201779089.761644	201994931.507797	215841.746153
 24.812500	200931664.814219	201149662.395033	217997.580814
 24.828125	200078832.713062	200295754.809276	216922.096213
 24.843750	199220623.350102	199433259.872426	212636.522325
 24.859375	198357066.896320	198562231.922071	205165.025750
 24.875000	197488193.804388	197682728.519047	194534.714659
 24.890625	196614034.811416	196794810.453678	180775.642262
 24.906250	195734620.941821	195898541.750661	163920.808840
 24.921875	194849983.510328	194993989.672613	144006.162285
 24.937500	193960154.125096	194081224.722272	121070.597175
 24.953125	193065164.690979	193160320.643346	95155.952367
 24.968750	192165047.412934	192231354.420022	66307.007088
 24.984375	191259834.799576	191294406.275118	34571.475541
 25.000000	190349559.666889	190349559.666889	  0.000000
 25.015625	189434255.142097	189396901.284494	37353.857602
 25.031250	188513954.667705	188436521.042108	77433.625598
 25.046875	187588692.005723	187468512.071689	120179.934034
 25.062500	186658501.242061	186492970.714415	165530.527646
 25.078125	185723416.791133	185509996.510774	213420.280360
 25.093750	184783473.400651	184519692.189317	263781.211334
 25.109375	183838706.156634	183522163.654093	316542.502541
 25.125000	182889150.488641	182517519.970742	371630.517899
 25.140625	181934842.175227	181505873.351280	428968.823947
 25.156250	180975817.349648	180487339.137565	488478.212083
 25.171875	180012112.505811	179462035.783450	550076.722362
 25.187500	179043764.504496	178430084.835639	613679.668857
 25.203125	178070810.579845	177391610.913249	679199.666596
 25.218750	177093288.346149	176346741.686077	746546.660073
 25.234375	176111235.804932	175295607.851596	815627.953335
 25.250000	175124691.352353	174238343.110679	886348.241674
 25.265625	174133693.786946	173175084.142056	958609.644890
 25.281250	173138282.317698	172105970.575527	1032311.742170
 25.296875	172138496.572499	171031144.963929	1107351.608570
 25.312500	171134376.606976	169950752.753874	1183623.853102
 25.328125	170125962.913722	168864942.255266	1261020.658456
 25.343750	169113296.431946	167773864.609609	1339431.822338
 25.359375	168096418.557573	166677673.757122	1418744.800451
 25.375000	167075371.153796	165576526.402668	1498844.751128
 25.390625	166050196.562122	164470581.980511	1579614.581610
 25.406250	165020937.613921	163360002.617915	1660934.996006
 25.421875	163987637.642522	162244953.097603	1742684.544919
 25.437500	162950340.495859	161125600.819082	1824739.676777
 25.453125	161909090.549719	160002115.758853	1906974.790865
 25.468750	160863932.721604	158874670.429525	1989262.292079
 25.484375	159814912.485255	157743439.837837	2071472.647418
 25.500000	158762075.885856	163599138.989273	4837063.103417
 25.515625	157705469.555964	162375660.841913	4670191.285949
 25.531250	156645140.732203	161147561.568670	4502420.836468
 25.546875	155581137.272752	159915068.503157	4333931.230404
 25.562500	154513507.675687	158678411.828183	4164904.152495
 25.578125	153442301.098200	157437824.500642	3995523.402443
 25.593750	152367567.376759	156193542.175115	3825974.798356
 25.609375	151289357.048258	154945803.126222	3656446.077963
 25.625000	150207721.372201	153694848.169768	3487126.797567
 25.640625	149122712.353983	152440920.582722	3318208.228738
 25.656250	148034382.769330	151184266.022047	3149883.252717
 25.671875	146942786.189957	149925132.442456	2982346.252499
 25.687500	145847977.010516	148663770.013095	2815793.002580
 25.703125	144750010.476900	147400431.033222	2650420.556323
 25.718750	143648942.715989	146135369.846903	2486427.130914
 25.734375	142544830.766906	144868842.756778	2324011.989872
 25.750000	141437732.613886	143601107.936930	2163375.323044
 25.765625	140327707.220827	142332425.344903	2004718.124076
 25.781250	139214814.567649	141063056.632907	1848242.065258
 25.796875	138099115.688538	139793265.058251	1694149.369714
 25.812500	136980672.712202	138523315.393056	1542642.680854
 25.828125	135859548.904253	137253473.833273	1393924.929020
 25.843750	134735808.711833	135984007.907061	1248199.195228
 25.859375	133609517.810629	134715186.382571	1105668.571942
 25.875000	132480743.154413	133447279.175164	966536.020751
 25.890625	131349553.027256	132180557.254118	831004.226862
 25.906250	130216017.098582	130915292.548864	699275.450282
 25.921875	129080206.481234	129651757.854795	571551.373561
 25.937500	127942193.792733	128390226.738688	448032.945955
 25.953125	126802053.219929	127130973.443783	328920.223854
 25.968750	125659860.587253	125874272.794573	214412.207320
 25.984375	124515693.428790	124620400.101329	104706.672539
 26.000000	123369631.064417	123369631.064417	  0.000000
 26.015625	122221754.680263	122122241.678457	99513.001806
 26.031250	121072147.413748	120878508.136344	193639.277405
 26.046875	119920894.443516	119638706.733194	282187.710322
 26.062500	118768083.084550	118403113.770260	364969.314290
 26.078125	117613802.888823	117172005.458841	441797.429983
 26.093750	116458145.751822	115945657.824248	512487.927574
 26.109375	115301206.025338	114724346.609862	576859.415476
 26.125000	114143080.636920	113508347.181319	634733.455600
 26.140625	112983869.216443	112297934.430883	685934.785560
 26.156250	111823674.230234	111093382.682025	730291.548209
 26.171875	110662601.123273	109894965.594277	767635.528996
 26.187500	109500758.469985	108702956.068376	797802.401610
 26.203125	108338258.134215	107517626.151763	820631.982452
 26.218750	107175215.438963	106339246.944461	835968.494502
 26.234375	106011749.346567	105168088.505381	843660.841186
 26.250000	104847982.649993	104004419.759096	843562.890897
 26.265625	103684042.176010	102848508.403124	835533.772886
 26.281250	102520059.001016	101700620.815754	819438.185262
 26.296875	101356168.680382	100561021.964460	795146.715922
 26.312500	100192511.492213	99429975.314943	762536.177270
 26.328125	99029232.696490	98307742.740836	721489.955654
 26.343750	97866482.810625	97194584.434106	671898.376519
 26.359375	96704417.902528	96090758.816208	613659.086320
 26.375000	95543199.902340	94996522.450002	546677.452337
 26.390625	94382996.934091	93912129.952496	470866.981595
 26.406250	93223983.668578	92837833.908430	386149.760149
 26.421875	92066341.698867	91773884.784751	292456.914116
 26.437500	90910259.939887	90720530.846009	189729.093878
 26.453125	89755935.053676	89678018.070706	77916.982970
 26.468750	88603571.901906	88646590.068632	43018.166726
 26.484375	87453384.027413	87626487.999234	173103.971820
 26.500000	86305594.166523	78568008.103620	7737586.062902
 26.515625	85160434.794037	77523753.733945	7636681.060093
 26.531250	84018148.702839	76492824.533822	7525324.169017
 26.546875	82878989.620092	75475485.137879	7403504.482213
 26.562500	81743222.862101	74471997.112340	7271225.749760
 26.578125	80611126.029901	73482618.852695	7128507.177206
 26.593750	79482989.747678	72507605.482602	6975384.265076
 26.609375	78359118.446071	71547208.754074	6811909.691997
 26.625000	77239831.192407	70601676.948998	6638154.243410
 26.640625	76125462.569784	69671254.782038	6454207.787746
 26.656250	75016363.606775	68756183.304964	6260180.301810
 26.671875	73912902.759349	67856699.812454	6056202.946895
 26.687500	72815466.946282	66973037.749413	5842429.196869
 26.703125	71724462.638950	66105426.619863	5619036.019087
 26.718750	70640317.005928	65254091.897434	5386225.108494
 26.734375	69563479.112146	64419254.937505	5144224.174641
 26.750000	68494421.171593	63601132.891039	4893288.280553
 26.765625	67433639.851567	62799938.620156	4633701.231411
 26.781250	66381657.625262	62015880.615469	4365777.009793
 26.796875	65339024.168041	61249162.915241	4089861.252800
 26.812500	64306317.790985	60499985.026394	3806332.764591
 26.828125	63284146.903238	59768541.847398	3515605.055840
 26.843750	62273151.492196	59055023.593094	3218127.899102
 26.859375	61274004.607720	58359615.721473	2914388.886247
 26.875000	60287413.833212	57682498.862453	2604914.970759
 26.890625	59314122.722537	57023848.748675	2290273.973862
 26.906250	58354912.177426	56383836.148375	1971076.029050
 26.921875	57410601.735038	55762626.800332	1647974.934707
 26.937500	56482050.729925	55160381.350945	1321669.378980
 26.953125	55570159.288593	54577255.293462	992903.995131
 26.968750	54675869.108451	54013398.909387	662470.199064
 26.984375	53800163.966059	53468957.212084	331206.753975
 27.000000	52944069.892624	52944069.892624	  0.000000
 27.015625	52108654.947712	52438871.267882	330216.320170
 27.031250	51295028.515531	51953490.230910	658461.715379
 27.046875	50504340.042359	51488050.203612	983710.161253
 27.062500	49737777.129158	51042669.091746	1304891.962588
 27.078125	48996562.890842	50617459.242261	1620896.351419
 27.093750	48281952.493771	50212527.402995	1930574.909224
 27.109375	47595228.786579	49827974.684751	2232745.898172
 27.125000	46937696.947373	49463896.525768	2526199.578396
 27.140625	46310678.083385	49120382.658595	2809704.575210
 27.156250	45715501.738242	48797517.079391	3082015.341150
 27.171875	45153497.287516	48495378.019657	3341880.732141
 27.187500	44625984.235674	48214037.920410	3588053.684736
 27.203125	44134261.466491	47953563.408819	3819301.942328
 27.218750	43679595.543988	47714015.277296	4034419.733308
 27.234375	43263208.210422	47495448.465062	4232240.254639
 27.250000	42886263.279750	47297912.042187	4411648.762437
 27.265625	42549853.176418	47121449.196114	4571596.019696
 27.281250	42254985.416906	46966097.220665	4711111.803758
 27.296875	42002569.371142	46831887.507533	4829318.136391
 27.312500	41793403.668865	46718845.540267	4925441.871403
 27.328125	41628164.628513	46626990.890736	4998826.262223
 27.343750	41507396.080309	46556337.218087	5048941.137778
 27.359375	41431500.929234	46506892.270178	5075391.340944
 27.375000	41400734.757427	46478657.887497	5077923.130070
 27.390625	41415201.700716	46471630.009550	5056428.308834
 27.406250	41474852.753976	46485798.683714	5010945.929738
 27.421875	41579486.569659	46521148.076555	4941661.506896
 27.437500	41728752.719119	46577656.487589	4848903.768469
 27.453125	41922157.293713	46655296.365482	4733139.071769
 27.468750	42159070.638260	46754034.326686	4594963.688426
 27.484375	42438736.938720	46873831.176479	4435094.237760
 27.500000	42760285.332713	51145711.560248	8385426.227535
 27.515625	43122742.178244	51373702.963188	8250960.784944
 27.531250	43525044.102921	51622115.663748	8097071.560827
 27.546875	43966051.462154	51890896.846614	7924845.384460
 27.562500	44444561.857561	52179988.074960	7735426.217399
 27.578125	44959323.402740	52489325.303942	7530001.901203
 27.593750	45509047.468772	52818838.896538	7309791.427766
 27.609375	46092420.692264	53168453.641720	7076032.949456
 27.625000	46708116.080837	53538088.774976	6829972.694139
 27.640625	47354803.101624	53927658.001152	6572854.899528
 27.656250	48031156.685088	54337069.519630	6305912.834542
 27.671875	48735865.117767	54766226.051813	6030360.934046
 27.687500	49467636.832372	55215024.870931	5747388.038559
 27.703125	50225206.131643	55683357.834139	5458151.702495
 27.718750	51007337.903742	56171111.416909	5163773.513167
 27.734375	51812831.402071	56678166.749697	4865335.347626
 27.750000	52640523.172107	57204399.656875	4563876.484768
 27.765625	53489289.212839	57749680.697907	4260391.485068
 27.781250	54358046.461660	58313875.210770	3955828.749111
 27.796875	55245753.689853	58896843.357582	3651089.667729
 27.812500	56151411.891916	59498440.172431	3347028.280516
 27.828125	57074064.246566	60118515.611389	3044451.364823
 27.843750	58012795.720901	60756914.604679	2744118.883779
 27.859375	58966732.382311	61413477.110987	2446744.728677
 27.875000	59935040.475715	62088038.173886	2152997.698171
 27.890625	60916925.316795	62780427.980351	1863502.663556
 27.906250	61911630.045269	63490471.921349	1578841.876080
 27.921875	62918434.276108	64217990.654464	1299556.378356
 27.937500	63936652.680890	64962800.168540	1026147.487650
 27.953125	64965633.526401	65724711.850314	759078.323913
 27.968750	66004757.192984	66503532.553000	498775.360016
 27.984375	67053434.691147	67299064.666812	245629.975666
 28.000000	68111106.191379	68111106.191379	  0.000000
 28.015625	69177239.579129	68939450.810021	237788.769108
 28.031250	70251329.044254	69783887.965867	467441.078387
 28.046875	71332893.712066	70644202.939767	688690.772299
 28.062500	72421476.321223	71520176.929967	901299.391255
 28.078125	73516641.952156	72411587.133514	1105054.818642
 28.093750	74617976.808447	73318206.829347	1299769.979100
 28.109375	75725087.052507	74239805.463054	1485281.589453
 28.125000	76837597.696041	75176148.733227	1661448.962814
 28.140625	77955151.545116	76126998.679404	1828152.865712
 28.156250	79077408.199098	77092113.771545	1985294.427553
 28.171875	80204043.102288	78071249.000996	2132794.101292
 28.187500	81334746.646794	79064155.972912	2270590.673883
 28.203125	82469223.324905	80070583.000083	2398640.324822
 28.218750	83607190.929103	81090275.198132	2516915.730971
 28.234375	84748379.797700	82122974.582031	2625405.215669
 28.250000	85892532.104055	83168420.163890	2724111.940165
 28.265625	87039401.187276	84226348.051986	2813053.135289
 28.281250	88188750.922318	85296491.550971	2892259.371347
 28.296875	89340355.127429	86378581.263213	2961773.864216
 28.312500	90493997.006907	87472345.191239	3021651.815668
 28.328125	91649468.627224	88577508.841208	3071959.786017
 28.343750	92806570.424610	89693795.327383	3112775.097227
 28.359375	93965110.742271	90820925.477546	3144185.264725
 28.375000	95124905.395507	91958617.939307	3166287.456200
 28.390625	96285777.263056	93106589.287252	3179187.975804
 28.406250	97447555.903081	94264554.130890	3183001.772191
 28.421875	98610077.192302	95432225.223335	3177851.968967
 28.437500	99773182.986846	96609313.570685	3163869.416161
 28.453125	100936720.803482	97795528.542028	3141192.261454
 28.468750	102100543.519959	98990577.980043	3109965.539916
 28.484375	103264509.093273	100194168.312124	3070340.781149
 28.500000	104428480.294730	103103836.225624	1324644.069106
 28.515625	105592324.460757	104218910.278602	1373414.182155
 28.531250	106755913.258468	105341074.928976	1414838.329492
 28.546875	107919122.465067	106470078.317928	1449044.147139
 28.562500	109081831.760207	107605667.668530	1476164.091678
 28.578125	110243924.530505	108747589.369544	1496335.160961
 28.593750	111405287.685437	109895589.059573	1509698.625864
 28.609375	112565811.483918	111049411.711530	1516399.772389
 28.625000	113725389.370880	112208801.717386	1516587.653494
 28.640625	114883917.823235	113373502.973178	1510414.850056
 28.656250	116041296.204646	114543258.964224	1498037.240422
 28.671875	117197426.628544	115717812.850512	1479613.778032
 28.687500	118352213.828896	116896907.552243	1455306.276652
 28.703125	119505565.038236	118080285.835472	1425279.202764
 28.718750	120657389.872522	119267690.397821	1389699.474701
 28.734375	121807600.222400	120458863.954232	1348736.268168
 28.750000	122956110.150477	121653549.322712	1302560.827765
 28.765625	124102835.794248	122851489.510043	1251346.284205
 28.781250	125247695.274340	124052427.797414	1195267.476926
 28.796875	126390608.607734	125256107.825949	1134500.781785
 28.812500	127531497.625692	126462273.682076	1069223.943616
 28.828125	128670285.896093	127670669.982722	999615.913372
 28.843750	129806898.649920	128881041.960274	925856.689646
 28.859375	130941262.711658	130093135.547296	848127.164363
 28.875000	132073306.433372	131306697.460932	766608.972440
 28.890625	133202959.632245	132521475.286998	681484.345248
 28.906250	134330153.531388	133737217.563681	592935.967707
 28.921875	135454820.703715	134953673.864852	501146.838863
 28.937500	136576895.018730	136170594.882926	406300.135805
 28.953125	137696311.592037	137387732.511238	308579.080799
 28.968750	138813006.737434	138604839.925919	208166.811516
 28.984375	139926917.921443	139821671.667197	105246.254246
 29.000000	141037983.720129	141037983.720129	  0.000000
 29.015625	142146143.778099	142253533.594698	107389.816599
 29.031250	143251338.769538	143468080.405247	216741.635709
 29.046875	144353510.361189	144681384.949222	327874.588033
 29.062500	145452601.177161	145893209.785182	440608.608021
 29.078125	146548554.765462	147103319.310033	554764.544572
 29.093750	147641315.566171	148311479.835470	670164.269300
 29.109375	148730828.881163	149517459.663575	786630.782413
 29.125000	149817040.845289	150721029.161542	903988.316253
 29.140625	150899898.398950	151921960.835498	1022062.436548
 29.156250	151979349.261983	153120029.403385	1140680.141401
 29.171875	153055341.908788	154315011.866859	1259669.958072
 29.187500	154127825.544634	155506687.582197	1378862.037563
 29.203125	155196750.083093	156694838.330146	1498088.247053
 29.218750	156262066.124516	157879248.384712	1617182.260196
 29.234375	157323724.935528	159059704.580838	1735979.645310
 29.250000	158381678.429473	160235996.380952	1854317.951479
 29.265625	159435879.147761	161407915.940334	1972036.792573
 29.281250	160486280.242077	162575258.171302	2088977.929226
 29.296875	161532835.457407	163737820.806156	2204985.348749
 29.312500	162575499.115838	164895404.458865	2319905.343027
 29.328125	163614226.101091	166047812.685476	2433586.584385
 29.343750	164648971.843763	167194852.043192	2545880.199429
 29.359375	165679692.307225	168336332.148118	2656639.840893
 29.375000	166706343.974161	169472065.731626	2765721.757465
 29.390625	167728883.833701	170601868.695322	2872984.861620
 29.406250	168747269.369139	171725560.164592	2978290.795453
 29.421875	169761458.546183	172842962.540690	3081503.994507
 29.437500	170771409.801734	173953901.551351	3182491.749617
 29.453125	171777082.033157	175058206.299903	3281124.266747
 29.468750	172778434.588021	176155709.312852	3377274.724831
 29.484375	173775427.254292	177246246.585917	3470819.331625
 29.500000	174768020.250949	173381288.708431	1386731.542518
 29.515625	175756174.219015	174440999.966051	1315174.252964
 29.531250	176739850.212968	175495082.791155	1244767.421813
 29.546875	177719009.692531	176543413.066048	1175596.626484
 29.562500	178693614.514814	177585869.534118	1107744.980697
 29.578125	179663626.926789	178622333.815950	1041293.110840
 29.593750	180629009.558096	179652690.424213	976319.133884
 29.609375	181589725.414149	180676826.777318	912898.636831
 29.625000	182545737.869539	181694633.211848	851104.657691
 29.640625	183497010.661724	182706002.993758	791007.667965
 29.656250	184443507.884972	183710832.328335	732675.556637
 29.671875	185385193.984581	184709020.368931	676173.615651
 29.687500	186322033.751325	185700469.224457	621564.526868
 29.703125	187253992.316143	186685083.965648	568908.350495
 29.718750	188181035.145059	187662772.630087	518262.514972
 29.734375	189103128.034299	188633446.226005	469681.808294
 29.750000	190020237.105629	189597018.734840	423218.370788
 29.765625	190932328.801881	190553407.112580	378921.689301
 29.781250	191839369.882671	191502531.289868	336838.592803
 29.796875	192741327.420290	192444314.170887	297013.249403
 29.812500	193638168.795775	193378681.631033	259487.164742
 29.828125	194529861.695140	194305562.513359	224299.181781
 29.843750	195416374.105766	195224888.623815	191485.481951
 29.859375	196297674.312941	196136594.725282	161079.587660
 29.875000	197173730.896547	197040618.530400	133112.366147
 29.890625	198044512.727881	197936900.693206	107612.034675
 29.906250	198909988.966620	198825384.799577	84604.167043
 29.921875	199770129.057894	199706017.356491	64111.701403
 29.937500	200624902.729505	200578747.780119	46154.949387
 29.953125	201474279.989241	201443528.382738	30751.606503
 29.968750	202318231.122318	202300314.358495	17916.763823
 29.984375	203156726.688919	203149063.768011	7662.920908
 30.000000	203989737.521847	203989737.521847	  0.000000
 30.015625	204817234.724267	204822299.362838	5064.638571
 30.031250	205639189.667546	205646715.847295	7526.179749
 30.046875	206455573.989190	206462956.325108	7382.335918
 30.062500	207266359.590860	207270992.918734	4633.327874
 30.078125	208071518.636477	208070800.501097	718.135380
 30.093750	208871023.550407	208862356.672417	8666.877990
 30.109375	209664847.015723	209645641.735955	19205.279768
 30.125000	210452961.972540	210420638.672717	32323.299823
 30.140625	211235341.616425	211187333.115108	48008.501317
 30.156250	212011959.396870	211945713.319558	66246.077312
 30.171875	212782789.015836	212695770.138132	87018.877704
 30.187500	213547804.426360	213437496.989140	110307.437220
 30.203125	214306979.831216	214170889.826757	136090.004458
 30.218750	215060289.681641	214895947.109670	164342.571971
 30.234375	215807708.676118	215612669.768769	195038.907349
 30.250000	216549211.759207	216321061.173898	228150.585309
 30.265625	217284774.120429	217021127.099671	263647.020758
 30.281250	218014371.193207	217712875.690394	301495.502813
 30.296875	218737978.653841	218396317.424073	341661.229768
 30.312500	219455572.420545	219071465.075567	384107.344978
 30.328125	220167128.652513	219738333.678866	428794.973647
 30.343750	220872623.749036	220396940.488533	475683.260503
 30.359375	221572034.348661	221047304.940329	524729.408331
 30.375000	222265337.328380	221689448.611023	575888.717358
 30.390625	222952509.802869	222323395.177421	629114.625448
 30.406250	223633529.123748	222949170.374628	684358.749119
 30.421875	224308372.878890	223566801.953564	741570.925326
 30.437500	224977018.891758	224176319.637745	800699.254013
 30.453125	225639445.220768	224777755.079361	861690.141407
 30.468750	226295630.158690	225371141.814667	924488.344024
 30.484375	226945552.232079	225956515.218700	989037.013379
 30.500000	227589190.200727	228673034.307454	1083844.106727
 30.515625	228226523.057150	229292050.874799	1065527.817649
 30.531250	228857530.026099	229903088.942824	1045558.916725
 30.546875	229482190.564090	230506187.169039	1023996.604949
 30.562500	230100484.358969	231101385.562801	1000901.203831
 30.578125	230712391.329491	231688725.426107	976334.096616
 30.593750	231317891.624924	232268249.294161	950357.669237
 30.609375	231916965.624677	232840000.875718	923035.251041
 30.625000	232509593.937945	233404024.993277	894431.055332
 30.640625	233095757.403375	233960367.523124	864610.119750
 30.656250	233675437.088750	234509075.335278	833638.246529
 30.671875	234248614.290692	235050196.233363	801581.942671
 30.687500	234815270.534385	235583778.894448	768508.360063
 30.703125	235375387.573306	236109872.808882	734485.235575
 30.718750	235928947.388982	236628528.220158	699580.831176
 30.734375	236475932.190756	237139796.064848	663863.874091
 30.750000	237016324.415570	237643727.912620	627403.497051
 30.765625	237550106.727758	238140375.906403	590269.178645
 30.781250	238077262.018864	238629792.702697	552530.683833
 30.796875	238597773.407454	239112031.412089	514258.004635
 30.812500	239111624.238958	239587145.539990	475521.301032
 30.828125	239618798.085515	240055188.927632	436390.842117
 30.843750	240119278.745830	240516215.693357	396936.947527
 30.859375	240613050.245040	240970280.174226	357229.929186
 30.875000	241100096.834598	241417436.867979	317340.033381
 30.890625	241580402.992155	241857740.375385	277337.383229
 30.906250	242053953.421464	242291245.343001	237291.921537
 30.921875	242520733.052282	242718006.406379	197273.354097
 30.937500	242980727.040285	243138078.133746	157351.093461
 30.953125	243433920.766995	243551514.970189	117594.203194
 30.968750	243880299.839706	243958371.182374	78071.342669
 30.984375	244319850.091423	244358700.803829	38850.712405
 31.000000	244752557.580811	244752557.580811	  0.000000
 31.015625	245178408.592139	245139994.918804	38413.673335
 31.031250	245597389.635245	245521065.829652	76323.805593
 31.046875	246009487.445494	245895822.879372	113664.566122
 31.062500	246414688.983749	246264318.136667	150370.847081
 31.078125	246812981.436347	246626603.122167	186378.314180
 31.093750	247204352.215076	246982728.758416	221623.456660
 31.109375	247588788.957161	247332745.320649	256043.636512
 31.125000	247966279.525249	247676702.388361	289577.136888
 31.140625	248336812.007407	248014648.797712	322163.209694
 31.156250	248700374.717111	248346632.594776	353742.122336
 31.171875	249056956.193255	248672700.989670	384255.203586
 31.187500	249406545.200148	248992900.311581	413644.888567
 31.203125	249749130.727522	249307275.964709	441854.762813
 31.218750	250084701.990544	249615872.385156	468829.605388
 31.234375	250413248.429825	249918732.998772	494515.431053
 31.250000	250734759.711437	250215900.179992	518859.531445
 31.265625	251049225.726931	250507415.211673	541810.515259
 31.281250	251356636.593354	250793318.245951	563318.347403
 31.296875	251656982.653273	251073648.266148	583334.387124
 31.312500	251950254.474793	251348443.049730	601811.425063
 31.328125	252236442.851590	251617739.132348	618703.719242
 31.343750	252515538.802929	251881571.772975	633967.029953
 31.359375	252787533.573695	252139974.920154	647558.653541
 31.375000	253052418.634423	252392981.179368	659437.455055
 31.390625	253310185.681324	252640621.781558	669563.899766
 31.406250	253560826.636317	252882926.552798	677900.083519
 31.421875	253804333.647059	253119923.885140	684409.761919
 31.437500	254040699.086978	253351640.708639	689058.378339
 31.453125	254269915.555304	253578102.464582	691813.090722
 31.468750	254491975.877101	253799333.079920	692642.797181
 31.484375	254706873.103299	254015354.942923	691518.160376
 31.500000	254914600.510726	255800856.477998	886255.967271
 31.515625	255115151.602143	255947918.626016	832767.023873
 31.531250	255308520.106272	256089020.525414	780500.419142
 31.546875	255494699.977831	256224214.148162	729514.170330
 31.562500	255673685.397566	256353549.973682	679864.576116
 31.578125	255845470.772279	256477076.948523	631606.176245
 31.593750	256010050.734859	256594842.447370	584791.712510
 31.609375	256167420.144317	256706892.235397	539472.091079
 31.625000	256317574.085809	256813270.432001	495696.346192
 31.640625	256460507.870666	256914019.475922	453511.605256
 31.656250	256596217.036425	257009180.091778	412963.055354
 31.671875	256724697.346851	257098791.258032	374093.911180
 31.687500	256845944.791967	257182890.176403	336945.384436
 31.703125	256959955.588076	257261512.242757	301556.654682
 31.718750	257066726.177784	257334691.019468	267964.841683
 31.734375	257166253.230026	257402458.209281	236204.979255
 31.750000	257258533.640084	257464843.630701	206309.990617
 31.765625	257343564.529608	257521875.194892	178310.665284
 31.781250	257421343.246636	257573578.884131	152235.637495
 31.796875	257491867.365608	257619978.731810	128111.366202
 31.812500	257555134.687386	257661096.804002	105962.116616
 31.828125	257611143.239268	257696953.182608	85809.943340
 31.843750	257659891.274998	257727565.950083	67674.675085
 31.859375	257701377.274781	257752951.175759	51573.900978
 31.875000	257735599.945293	257773122.903767	37522.958474
 31.890625	257762558.219689	257788093.142575	25534.922887
 31.906250	257782251.257608	257797871.856129	15620.598521
 31.921875	257794678.445185	257802466.956625	7788.511440
 31.937500	257799839.395048	257801884.298895	2044.903847
 31.953125	257797733.946327	257796127.676431	1606.269896
 31.968750	257788362.164649	257785198.819030	3163.345619
 31.984375	257771724.342143	257769097.392073	2626.950070
 32.000000	257747820.997436	257747820.997436	  0.000000
 32.015625	257716652.875647	257721365.176032	4712.300385
 32.031250	257678220.948386	257689723.411984	11502.463598
 32.046875	257632526.413743	257652887.138422	20360.724679
 32.062500	257579570.696285	257610845.744910	31275.048625
 32.078125	257519355.447043	257563586.586489	44231.139447
 32.093750	257451882.543499	257511094.994340	59212.450841
 32.109375	257377154.089578	257453354.288048	76200.198471
 32.125000	257295172.415631	257390345.789483	95173.373852
 32.140625	257205940.078421	257322048.838262	116108.759841
 32.156250	257109459.861103	257248440.808804	138980.947701
 32.171875	257005734.773212	257169497.128967	163762.355755
 32.187500	256894768.050637	257085191.300241	190423.249604
 32.203125	256776563.155603	256995494.919502	218931.763900
 32.218750	256651123.776648	256900377.702315	249253.925666
 32.234375	256518453.828605	256799807.507753	281353.679148
 32.250000	256378557.452569	256693750.364749	315192.912180
 32.265625	256231439.015878	256582170.499935	350731.484057
 32.281250	256077103.112086	256465030.366978	387927.254892
 32.296875	255915554.560932	256342290.677377	426736.116445
 32.312500	255746798.408317	256213910.432719	467112.024402
 32.328125	255570839.926271	256079846.958365	509007.032094
 32.343750	255387684.612927	255940055.938555	552371.325628
 32.359375	255197338.192486	255794491.452900	597153.260415
 32.375000	254999806.615189	255643106.014263	643299.399074
 32.390625	254795096.057289	255485850.607979	690754.550690
 32.406250	254583212.921011	255322674.732416	739461.811406
 32.421875	254364163.834526	255153526.440841	789362.606315
 32.437500	254137955.651919	254978352.384573	840396.732654
 32.453125	253904595.453155	254797097.857393	892502.404239
 32.468750	253664090.544042	254609706.841195	945616.297153
 32.484375	253416448.456210	254416122.052843	999673.596632
 32.500000	253161676.947068	252239461.522980	922215.424088
 32.515625	252899783.999778	251986250.903122	913533.096656
 32.531250	252630777.823223	251727733.370036	903044.453187
 32.546875	252354666.851976	251463876.145894	890790.706082
 32.562500	252071459.746269	251194645.163627	876814.582642
 32.578125	251781165.391969	250920005.098885	861160.293084
 32.593750	251483792.900543	250639919.403036	843873.497507
 32.609375	251179351.609036	250354350.337214	825001.271822
 32.625000	250867851.080046	250063259.007385	804592.072661
 32.640625	250549301.101698	249766605.400424	782695.701274
 32.656250	250223711.687624	249464348.421179	759363.266445
 32.671875	249891093.076939	249156445.930510	734647.146430
 32.687500	249551455.734229	248842854.784286	708600.949943
 32.703125	249204810.349529	248523530.873317	681279.476212
 32.718750	248851167.838314	248198429.164203	652738.674112
 32.734375	248490539.341486	247867503.741083	623035.600403
 32.750000	248122936.225365	247530707.848269	592228.377096
 32.765625	247748370.081687	247187993.933728	560376.147959
 32.781250	247366852.727601	246839313.693410	527539.034191
 32.796875	246978396.205670	246484618.116394	493778.089276
 32.812500	246583012.783879	246123857.530819	459155.253060
 32.828125	246180714.955643	245756981.650598	423733.305045
 32.843750	245771515.439820	245383939.622875	387575.816945
 32.859375	245355427.180733	245004680.076213	350747.104521
 32.875000	244932463.348192	244619151.169478	313312.178715
 32.890625	244502637.337522	244227300.641410	275336.696112
 32.906250	244065962.769596	243829075.860844	236886.908752
 32.921875	243622453.490879	243424423.877555	198029.613323
 32.937500	243172123.573469	243013291.473719	158832.099751
 32.953125	242714987.315155	242595625.215935	119362.099219
 32.968750	242251059.239469	242171371.507820	79687.731649
 32.984375	241780354.095759	241740476.643107	39877.452652
 33.000000	241302886.859259	241302886.859259	  0.000000
 33.015625	240818672.731171	240858548.391543	39875.660372
 33.031250	240327727.138757	240407407.527558	79680.388801
 33.046875	239830065.735435	239949410.662164	119344.926729
 33.062500	239325704.400888	239484504.352817	158799.951930
 33.078125	238814659.241180	239012635.375247	197976.134067
 33.093750	238296946.588887	238533750.779476	236804.190589
 33.109375	237772583.003230	238047797.946134	275214.942904
 33.125000	237241585.270226	237554724.643050	313139.372824
 33.140625	236703970.402850	237054479.082078	350508.679229
 33.156250	236159755.641202	236547009.976148	387254.334946
 33.171875	235608958.452699	236032266.596487	423308.143789
 33.187500	235051596.532266	235510198.830005	458602.297739
 33.203125	234487687.802555	234980757.236790	493069.434236
 33.218750	233917250.414163	234443893.107710	526642.693548
 33.234375	233340302.745878	233899558.522062	559255.776184
 33.250000	232756863.404937	233347706.405261	590843.000324
 33.265625	232166951.227294	232788290.586523	621339.359229
 33.281250	231570585.277913	232221265.856519	650680.578606
 33.296875	230967784.851075	231646588.024965	678803.173890
 33.312500	230358569.470706	231064213.978120	705644.507413
 33.328125	229742958.890719	230474101.736150	731142.845431
 33.343750	229120973.095381	229876210.510350	755237.414969
 33.359375	228492632.299700	229270500.760162	777868.460462
 33.375000	227857956.949834	228656934.249985	798977.300151
 33.390625	227216967.723519	228035474.105724	818506.382205
 33.406250	226569685.530529	227406084.871067	836399.340538
 33.421875	225916131.513148	226768732.563434	852601.050286
 33.437500	225256327.046682	226123384.729596	867057.682914
 33.453125	224590293.739986	225470010.500902	879716.760916
 33.468750	223918053.436027	224808580.648111	890527.212084
 33.484375	223239628.212470	224139067.635771	899439.423301
 33.500000	222555040.382299	221764725.505404	790314.876895
 33.515625	221864312.494465	221140580.435630	723732.058834
 33.531250	221167467.334571	220507918.248718	659549.085852
 33.546875	220464527.925587	219866715.312640	597812.612948
 33.562500	219755517.528607	219216950.305235	538567.223372
 33.578125	219040459.643631	218558604.253830	481855.389800
 33.593750	218319378.010398	217891660.573944	427717.436454
 33.609375	217592296.609254	217216105.107057	376191.502197
 33.625000	216859239.662057	216531926.157441	327313.504617
 33.640625	216120231.633135	215839114.528020	281117.105115
 33.656250	215375297.230279	215137663.555255	237633.675025
 33.671875	214624461.405790	214427569.143026	196892.262765
 33.687500	213867749.357572	213708829.795510	158919.562062
 33.703125	213105186.530276	212981446.649030	123739.881246
 33.718750	212336798.616496	212245423.502860	91375.113636
 33.734375	211562611.558023	211500766.848980	61844.709043
 33.750000	210782651.547154	210747485.900760	35165.646393
 33.765625	209996945.028058	209985592.620564	11352.407493
 33.781250	209205518.698212	209215101.746257	9583.048045
 33.796875	208408399.509894	208436030.816608	27631.306715
 33.812500	207605614.671746	207648400.195575	42785.523829
 33.828125	206797191.650410	206852233.095458	55041.445047
 33.843750	205983158.172232	206047555.598910	64397.426678
 33.859375	205163542.225043	205234396.679804	70854.454761
 33.875000	204338372.060025	204412788.222934	74416.162909
 33.890625	203507676.193653	203582765.042541	75088.848887
 33.906250	202671483.409726	202744364.899671	72881.489945
 33.921875	201829822.761486	201897628.518336	67805.756850
 33.937500	200982723.573832	201042599.600482	59876.026651
 33.953125	200130215.445631	200179324.839754	49109.394123
 33.968750	199272328.252132	199307853.934048	35525.681915
 33.984375	198409092.147480	198428239.596850	19147.449369
 34.000000	197540537.567348	197540537.567348	  0.000000
 34.015625	196666695.231679	196644806.619318	21888.612361
 34.031250	195787596.147549	195741108.568770	46487.578778
 34.046875	194903271.612157	194829508.280367	73763.331790
 34.062500	194013753.215943	193910073.672586	103679.543357
 34.078125	193119072.845845	192982875.721645	136197.124199
 34.093750	192219262.688692	192047988.464177	171274.224516
 34.109375	191314355.234757	191105488.998644	208866.236113
 34.125000	190404383.281450	190155457.485511	248925.795940
 34.140625	189489379.937187	189197977.146148	291402.791039
 34.156250	188569378.625418	188233134.260489	336244.364929
 34.171875	187644413.088835	187261018.163419	383394.925416
 34.187500	186714517.393764	186281721.239916	432796.153848
 34.203125	185779725.934752	185295338.918923	484387.015830
 34.218750	184840073.439350	184301969.665971	538103.773379
 34.234375	183895594.973111	183301714.974543	593879.998568
 34.250000	182946325.944802	182294679.356179	651646.588623
 34.265625	181992302.111857	181280970.329339	711331.782518
 34.281250	181033559.586059	180260698.407005	772861.179055
 34.296875	180070134.839478	179233977.083042	836157.756436
 34.312500	179102064.710673	178200922.817321	901141.893352
 34.328125	178129386.411171	177161655.019591	967731.391580
 34.343750	177152137.532230	176116296.032127	1035841.500102
 34.359375	176170356.051905	175064971.111148	1105384.940757
 34.375000	175184080.342436	174007808.407002	1176271.935434
 34.390625	174193349.177959	172944938.943147	1248410.234812
 34.406250	173198201.742571	171876496.593911	1321705.148661
 34.421875	172198677.638754	170802618.061048	1396059.577706
 34.437500	171194816.896182	169723442.849104	1471374.047079
 34.453125	170186659.980930	168639113.239585	1547546.741346
 34.468750	169174247.805100	167549774.263950	1624473.541150
 34.484375	168157621.736888	166455573.675432	1702048.061456
 34.500000	167136823.611109	171411395.585574	4274571.974465
 34.515625	166111895.740216	170256648.992505	4144753.252289
 34.531250	165082880.925819	169095905.442495	4013024.516676
 34.546875	164049822.470741	167929358.633930	3879536.163189
 34.562500	163012764.191635	166757205.493138	3744441.301503
 34.578125	161971750.432194	165579646.114755	3607895.682560
 34.593750	160926826.076976	164396883.700631	3470057.623655
 34.609375	159878036.565887	163209124.497333	3331087.931447
 34.625000	158825427.909338	162016577.732247	3191149.822909
 34.640625	157769046.704141	160819455.548328	3050408.844187
 34.656250	156708940.150146	159617972.937530	2909032.787384
 34.671875	155645156.067687	158412347.672931	2767191.605244
 34.687500	154577742.915866	157202800.239609	2625057.323744
 34.703125	153506749.811720	155989553.764284	2482803.952564
 34.718750	152432226.550328	154772833.943766	2340607.393437
 34.734375	151354223.625893	153552868.972243	2198645.346350
 34.750000	150272792.253862	152329889.467449	2057097.213587
 34.765625	149187984.394147	151104128.395733	1916144.001585
 34.781250	148099852.775488	149875820.996079	1775968.220591
 34.796875	147008450.921035	148645204.703106	1636753.782070
 34.812500	145913833.175221	147412519.069079	1498685.893858
 34.828125	144816054.731980	146178005.684986	1361950.953006
 34.843750	143715171.664401	144941908.100691	1226736.436291
 34.859375	142611240.955898	143704471.744226	1093230.788328
 34.875000	141504320.532971	142465943.840241	961623.307270
 34.890625	140394469.299664	141226573.327663	832104.027999
 34.906250	139281747.173801	139986610.776592	704863.602791
 34.921875	138166215.125122	138746308.304477	580093.179355
 34.937500	137047935.215410	137505919.491613	457984.276203
 34.953125	135926970.640746	136265699.295995	338728.655249
 34.968750	134803385.775992	135025903.967560	222518.191568
 34.984375	133677246.221665	133786790.961880	109544.740215
 35.000000	132548618.853312	132548618.853312	  0.000000
 35.015625	131417571.873566	131311647.247676	105924.625890
 35.031250	130284174.867024	130076136.694478	208038.172546
 35.046875	129148498.858125	128842348.598731	306150.259393
 35.062500	128010616.372210	127610545.132405	400071.239804
 35.078125	126870601.499968	126380989.145555	489612.354414
 35.093750	125728529.965464	125153944.077153	574585.888311
 35.109375	124584479.197974	123929673.865685	654805.332289
 35.125000	123438528.407875	122708442.859526	730085.548349
 35.140625	122290758.666831	121490515.727157	800242.939675
 35.156250	121141252.992560	120276157.367250	865095.625310
 35.171875	119990096.438453	119065632.818663	924463.619790
 35.187500	118837376.188377	117859207.170389	978169.017988
 35.203125	117683181.656980	116657145.471492	1026036.185488
 35.218750	116527604.595851	115459712.641073	1067891.954779
 35.234375	115370739.205924	114267173.378307	1103565.827617
 35.250000	114212682.256520	113079792.072586	1132890.183934
 35.265625	113053533.211472	111897832.713808	1155700.497664
 35.281250	111893394.362788	110721558.802852	1171835.559936
 35.296875	110732370.972346	109551233.262278	1181137.710068
 35.312500	109570571.422162	108387118.347283	1183453.074879
 35.328125	108408107.373789	107229475.556965	1178631.816823
 35.343750	107245093.937453	106078565.545919	1166528.391534
 35.359375	106081649.851585	104934648.036204	1147001.815380
 35.375000	104917897.673429	103797981.729734	1119915.943696
 35.390625	103753963.981475	102668824.221101	1085139.760374
 35.406250	102589979.590506	101547431.910897	1042547.679608
 35.421875	101426079.780101	100434059.919550	992019.860551
 35.437500	100262404.537508	99328962.001711	933442.535797
 35.453125	99099098.815830	98232390.461249	866708.354581
 35.468750	97936312.808567	97144596.066853	791716.741714
 35.484375	96774202.241593	96065827.968308	708374.273285
 35.500000	95612928.683743	90119812.802370	5493115.881373
 35.515625	94452659.877226	88982080.556651	5470579.320575
 35.531250	93293570.089201	87855098.001397	5438472.087804
 35.546875	92135840.485869	86739147.584177	5396692.901692
 35.562500	90979659.530587	85634509.582091	5345149.948496
 35.578125	89825223.407519	84541461.993790	5283761.413728
 35.593750	88672736.472478	83460280.432357	5212456.040121
 35.609375	87522411.732667	82391238.019076	5131173.713591
 35.625000	86374471.357096	81334605.278168	5039866.078928
 35.640625	85229147.219558	80290650.032522	4938497.187035
 35.656250	84086681.476094	79259637.300482	4827044.175612
 35.671875	82947327.178941	78241829.193734	4705497.985206
 35.687500	81811348.929010	77237484.816352	4573864.112657
 35.703125	80679023.568969	76246860.165034	4432163.403936
 35.718750	79550640.919031	75270208.030590	4280432.888442
 35.734375	78426504.557505	74307777.900726	4118726.656779
 35.750000	77306932.648155	73359815.864166	3947116.783989
 35.765625	76192258.816292	72426564.516156	3765694.300136
 35.781250	75082833.075397	71508262.865403	3574570.209994
 35.796875	73979022.805865	70605146.242489	3373876.563376
 35.812500	72881213.787167	69717446.209797	3163767.577370
 35.828125	71789811.284366	68845390.473000	2944420.811366
 35.843750	70705241.189418	67989202.794152	2716038.395266
 35.859375	69627951.217074	67149102.906416	2478848.310658
 35.875000	68558412.154415	66325306.430483	2233105.723932
 35.890625	67497119.162075	65518024.792696	1979094.369379
 35.906250	66444593.124049	64727465.144950	1717127.979100
 35.921875	65401382.041498	63953830.286372	1447551.755126
 35.937500	64368062.464277	63197318.586844	1170743.877433
 35.953125	63345240.951833	62458123.912383	887117.039451
 35.968750	62333555.552684	61736435.552429	597120.000255
 35.984375	61333677.288833	61032438.149063	301239.139770
 36.000000	60346311.628193	60346311.628193	  0.000000
 36.015625	59372199.924224	59678231.132731	306031.208507
 36.031250	58412120.797719	59028366.957808	616246.160089
 36.046875	57466891.430717	58396884.488031	929993.057314
 36.062500	56537368.737123	57783944.136838	1246575.399715
 36.078125	55624450.368632	57189701.287951	1565250.919319
 36.093750	54729075.508102	56614306.238974	1885230.730872
 36.109375	53852225.395755	56057904.147146	2205678.751391
 36.125000	52994923.526540	55520634.977283	2525711.450743
 36.140625	52158235.450050	55002633.451921	2844398.001871
 36.156250	51343268.097734	54504029.003693	3160760.905959
 36.171875	50551168.556284	54024945.729946	3473777.173661
 36.187500	49783122.201471	53565502.349630	3782380.148159
 36.203125	49040350.103976	53125812.162473	4085462.058497
 36.218750	48324105.618699	52705983.010446	4381877.391747
 36.234375	47635670.072332	52306117.241555	4670447.169222
 36.250000	46976347.471603	51926311.675957	4949964.204353
 36.265625	46347458.167346	51566657.574419	5219199.407072
 36.281250	45750331.428218	51227240.609132	5476909.180915
 36.296875	45186296.903026	50908140.836893	5721843.933867
 36.312500	44656674.982615	50609432.674649	5952757.692034
 36.328125	44162766.110885	50331184.877441	6168418.766556
 36.343750	43705839.139136	50073460.518718	6367621.379582
 36.359375	43287118.867214	49836316.973062	6549198.105847
 36.375000	42907772.966736	49619805.901295	6712032.934559
 36.390625	42568898.533234	49423973.238003	6855074.704769
 36.406250	42271508.561970	49248859.181451	6977350.619482
 36.421875	42016518.682435	49094498.185912	7077979.503477
 36.437500	41804734.515360	48960918.956391	7156184.441031
 36.453125	41636840.029528	48848144.445754	7211304.416226
 36.468750	41513387.270988	48756191.854259	7242804.583271
 36.484375	41434787.812505	48685072.631479	7250284.818974
 36.500000	41401306.226092	48505703.595063	7104397.368971
 36.515625	41413055.817704	48544593.677495	7131537.859791
 36.531250	41469996.783945	48604341.280897	7134344.496952
 36.546875	41571936.860734	48684943.726989	7113006.866256
 36.562500	41718534.439270	48786392.585951	7067858.146681
 36.578125	41909304.031647	48908673.670959	6999369.639313
 36.593750	42143623.883448	49051767.035129	6908143.151681
 36.609375	42420745.458951	49215646.970843	6794901.511892
 36.625000	42739804.470238	49400282.011488	6660477.541250
 36.640625	43099833.086966	49605634.935589	6505801.848623
 36.656250	43499772.949345	49831662.773362	6331889.824017
 36.671875	43938488.611907	50078316.815662	6139828.203755
 36.687500	44414781.067542	50345542.625352	5930761.557810
 36.703125	44927401.036485	50633280.051067	5705879.014582
 36.718750	45475061.749721	50941463.243391	5466401.493670
 36.734375	46056451.006509	51270020.673433	5213569.666924
 36.750000	46670242.337804	51618875.153792	4948632.815988
 36.765625	47315105.158209	51987943.861923	4672838.703714
 36.781250	47989713.836068	52377138.365872	4387424.529804
 36.796875	48692755.653040	52786364.652392	4093608.999353
 36.812500	49422937.659644	53215523.157423	3792585.497779
 36.828125	50178992.461725	53664508.798914	3485516.337189
 36.843750	50959682.994484	54133211.011998	3173528.017514
 36.859375	51763806.356245	54621513.786484	2857707.430239
 36.875000	52590196.784081	55129295.706661	2539098.922580
 36.890625	53437727.858717	55656429.993400	2218702.134683
 36.906250	54305314.027584	56202784.548533	1897470.520949
 36.921875	55191911.533300	56768222.001492	1576310.468191
 36.937500	56096518.831152	57352599.758183	1256080.927031
 36.953125	57018176.573744	57955770.052092	937593.478347
 36.968750	57955967.234700	58577579.997572	621612.762872
 36.984375	58909014.436434	59217871.645319	308857.208885
 37.000000	59876482.039991	59876482.039991	  0.000000
 37.015625	60857573.048021	60553243.279953	304329.768068
 37.031250	61851528.365334	61247982.579123	603545.786211
 37.046875	62857625.455285	61960522.330887	897103.124398
 37.062500	63875176.924508	62690680.174060	1184496.750449
 37.078125	64903529.063409	63438269.060855	1465260.002555
 37.093750	65942060.365173	64203097.326842	1738963.038332
 37.109375	66990180.042017	64984968.762849	2005211.279168
 37.125000	68047326.553852	65783682.688791	2263643.865061
 37.140625	69112966.161460	66599034.029373	2513932.132088
 37.156250	70186591.513653	67430813.391650	2755778.122004
 37.171875	71267720.275655	68278807.144399	2988913.131256
 37.187500	72355893.804057	69142797.499266	3213096.304791
 37.203125	73450675.872134	70022562.593655	3428113.278479
 37.218750	74551651.447993	70917876.575317	3633774.872676
 37.234375	75658425.526964	71828509.688599	3829915.838364
 37.250000	76770622.018775	72754228.362319	4016393.656456
 37.265625	77887882.689361	73694795.299212	4193087.390149
 37.281250	79009866.156587	74649969.566926	4359896.589661
 37.296875	80136246.938762	75619506.690501	4516740.248261
 37.312500	81266714.554473	76603158.746307	4663555.808166
 37.328125	82400972.672047	77600674.457389	4800298.214657
 37.343750	83538738.306749	78611799.290168	4926939.016580
 37.359375	84679741.063739	79636275.552464	5043465.511276
 37.375000	85823722.424732	80673842.492782	5149879.931950
 37.390625	86970435.076260	81724236.400831	5246198.675429
 37.406250	88119642.277469	82787190.709201	5332451.568268
 37.421875	89271117.265377	83862436.096182	5408681.169195
 37.437500	90424642.695563	84949700.589644	5474942.105919
 37.453125	91580010.116345	86048709.671958	5531300.444387
 37.468750	92737019.474523	87159186.385881	5577833.088642
 37.484375	93895478.650869	88280851.441374	5614627.209495
 37.500000	95055203.023618	94488591.401005	566611.622613
 37.515625	96216015.058277	95554826.533123	661188.525154
 37.531250	97377743.922179	96630473.677807	747270.244372
 37.546875	98540225.122267	97715285.790885	824939.331383
 37.562500	99703300.164675	98809014.076323	894286.088352
 37.578125	100866816.234773	99911408.069171	955408.165602
 37.593750	102030625.896397	101022215.719207	1008410.177191
 37.609375	103194586.809070	102141183.475272	1053403.333798
 37.625000	104358561.462083	103268056.370258	1090505.091825
 37.640625	105522416.924392	104402578.106698	1119838.817694
 37.656250	106686024.609322	105544491.142943	1141533.466379
 37.671875	107849260.053167	106693536.779879	1155723.273288
 37.687500	109012002.706791	107849455.248150	1162547.458642
 37.703125	110174135.739437	109011985.795851	1162149.943586
 37.718750	111335545.853960	110180866.776658	1154679.077301
 37.734375	112496123.112778	111355835.738348	1140287.374430
 37.750000	113655760.773875	112536629.511683	1119131.262192
 37.765625	114814355.136214	113722984.299614	1091370.836600
 37.781250	115971805.393994	114914635.766771	1057169.627223
 37.796875	117128013.499189	116111319.129191	1016694.369998
 37.812500	118282884.031859	117312769.244258	970114.787601
 37.828125	119436324.077763	118518720.700814	917603.376949
 37.843750	120588243.112818	119728907.909392	859335.203426
 37.859375	121738552.893982	120943065.192541	795487.701441
 37.875000	122887167.356186	122160926.875207	726240.480979
 37.890625	124034002.514928	123382227.375115	651775.139812
 37.906250	125178976.374200	124606701.293134	572275.081066
 37.921875	126322008.839432	125834083.503564	487925.335868
 37.937500	127463021.635136	127064109.244323	398912.390813
 37.953125	128601938.226984	128296514.206978	305424.020005
 37.968750	129738683.748057	129531034.626599	207649.121459
 37.984375	130873184.929015	130767407.371371	105777.557644
 38.000000	132005370.031955	132005370.031955	  0.000000
 38.015625	133135168.787753	133244661.010525	109492.222773
 38.031250	134262512.336676	134485019.609470	222507.272794
 38.046875	135387333.172086	135726186.119697	338852.947611
 38.062500	136509565.087050	136967901.908521	458336.821471
 38.078125	137629143.123696	138209909.507072	580766.383376
 38.093750	138746003.525152	139451952.697205	705949.172053
 38.109375	139860083.689935	140693776.597857	833692.907922
 38.125000	140971322.128638	141935127.750827	963805.622189
 38.140625	142079658.422799	143175754.205920	1096095.783122
 38.156250	143185033.185819	144415405.605433	1230372.419615
 38.171875	144287388.025828	145653833.267935	1366445.242107
 38.187500	145386665.510386	146890790.271304	1504124.760917
 38.203125	146482809.132916	148126031.534989	1643222.402073
 38.218750	147575763.280780	149359313.901448	1783550.620668
 38.234375	148665473.204911	150590396.216728	1924923.011817
 38.250000	149751884.990910	151819039.410155	2067154.419246
 38.265625	150834945.531538	153045006.573093	2210061.041555
 38.281250	151914602.500524	154268063.036727	2353460.536203
 38.296875	152990804.327619	155487976.448854	2497172.121235
 38.312500	154063500.174841	156704516.849617	2641016.674777
 38.328125	155132639.913826	157917456.746177	2784816.832351
 38.343750	156198174.104261	159126571.186261	2928397.082000
 38.359375	157260053.973308	160331637.830569	3071583.857260
 38.375000	158318231.395997	161532437.023997	3214205.628000
 38.390625	159372658.876519	162728751.865647	3356092.989128
 38.406250	160423289.530388	163920368.277583	3497078.747195
 38.421875	161470077.067414	165107075.072306	3636998.004892
 38.437500	162512975.775459	166288664.018919	3775688.243460
 38.453125	163551940.504932	167464929.907939	3912989.403007
 38.468750	164586926.653982	168635670.614736	4048743.960754
 38.484375	165617890.154362	169800687.161555	4182797.007193
 38.500000	166644787.457928	164840719.146410	1804068.311517
 38.515625	167667575.523742	165941955.067582	1725620.456159
 38.531250	168686211.805747	167038541.834525	1647669.971222
 38.546875	169700654.240996	168130327.350161	1570326.890835
 38.562500	170710861.238393	169217162.197250	1493699.041142
 38.578125	171716791.667935	170298899.668569	1417891.999366
 38.593750	172718404.850428	171375395.795929	1343009.054499
 38.609375	173715660.547653	172446509.378033	1269151.169620
 38.625000	174708518.952955	173512102.007147	1196416.945807
 38.640625	175696940.682248	174572038.094592	1124902.587656
 38.656250	176680886.765412	175626184.895038	1054701.870373
 38.671875	177660318.638049	176674412.529602	985906.108447
 38.687500	178635198.133615	177716594.007728	918604.125888
 38.703125	179605487.475869	178752605.247860	852882.228009
 38.718750	180571149.271659	179782325.096889	788824.174770
 38.734375	181532146.504017	180805635.348372	726511.155645
 38.750000	182488442.525538	181822420.759515	666021.766023
 38.765625	183440001.052054	182832569.066926	607431.985129
 38.781250	184386786.156568	183835971.001110	550815.155458
 38.796875	185328762.263447	184832520.299737	496241.963710
 38.812500	186265894.142865	185822113.719638	443780.423227
 38.828125	187198146.905474	186804651.047562	393495.857911
 38.843750	188125485.997306	187780035.109675	345450.887632
 38.859375	189047877.194888	188748171.779789	299705.415099
 38.875000	189965286.600558	189708969.986351	256316.614207
 38.890625	190877680.637983	190662341.718146	215338.919837
 38.906250	191785026.047867	191608202.028764	176824.019104
 38.921875	192687289.883832	192546469.039781	140820.844051
 38.937500	193584439.508476	193477063.942698	107375.565778
 38.953125	194476442.589595	194399910.999604	76531.589991
 38.968750	195363267.096567	195314937.542589	48329.553978
 38.984375	196244881.296879	196222073.971894	22807.324985
 39.000000	197121253.752806	197121253.752806	  0.000000
 39.015625	197992353.318230	198012413.411306	20060.093076
 39.031250	198858149.135584	198895492.528454	37343.392870
 39.046875	199718610.632935	199770433.733545	51823.100610
 39.062500	200573707.521177	200637182.696008	63475.174832
 39.078125	201423409.791354	201495688.116082	72278.324727
 39.093750	202267687.712088	202345901.714246	78214.002158
 39.109375	203106511.827111	203187778.219435	81266.392325
 39.125000	203939852.952914	204021275.356034	81422.403120
 39.140625	204767682.176483	204846353.829651	78671.653168
 39.156250	205589970.853133	205662977.311692	73006.458559
 39.171875	206406690.604440	206471112.422741	64421.818301
 39.187500	207217813.316249	207270728.714737	52915.398488
 39.203125	208023311.136782	208061798.651984	38487.515201
 39.218750	208823156.474808	208844297.590977	21141.116170
 39.234375	209617321.997907	209618203.759079	881.761172
 39.250000	210405780.630798	210383498.232026	22282.398772
 39.265625	211188505.553748	211140164.910313	48340.643435
 39.281250	211965470.201036	211888190.494427	77279.706609
 39.296875	212736648.259499	212627564.458980	109083.800519
 39.312500	213502013.667126	213358279.025718	143734.641408
 39.328125	214261540.611728	214080329.135447	181211.476282
 39.343750	215015203.529653	214793712.418869	221491.110784
 39.359375	215762977.104562	215498429.166353	264547.938209
 39.375000	216504836.266266	216194482.296652	310353.969614
 39.390625	217240756.189603	216881877.324573	358878.865030
 39.406250	217970712.293371	217560622.327626	410089.965744
 39.421875	218694680.239310	218230727.911663	463952.327647
 39.437500	219412635.931127	218892207.175513	520428.755614
 39.453125	220124555.513567	219545075.674648	579479.838919
 39.468750	220830415.371522	220189351.383876	641063.987645
 39.484375	221530192.129188	220825054.659097	705137.470091
 39.500000	222223862.649259	223118135.994073	894273.344814
 39.515625	222911404.032149	223799447.370673	888043.338523
 39.531250	223592793.615269	224472643.223124	879849.607855
 39.546875	224268008.972318	225137748.474107	869739.501789
 39.562500	224937027.912623	225794789.818597	857761.905974
 39.578125	225599828.480505	226443795.670311	843967.189805
 39.593750	226256388.954673	227084796.107670	828407.152997
 39.609375	226906687.847652	227717822.819314	811134.971661
 39.625000	227550703.905240	228342909.049185	792205.143945
 39.640625	228188416.105986	228960089.541222	771673.435236
 39.656250	228819803.660704	229569400.483698	749596.822994
 39.671875	229444846.012001	230170879.453216	726033.441216
 39.687500	230063522.833837	230764565.358425	701042.524588
 39.703125	230675814.031108	231350498.383449	674684.352341
 39.718750	231281699.739247	231928719.931098	647020.191852
 39.734375	231881160.323847	232499272.565862	618112.242015
 39.750000	232474176.380309	233062199.956737	588023.576428
 39.765625	233060728.733506	233617546.819912	556818.086405
 39.781250	233640798.437466	234165358.861337	524560.423872
 39.796875	234214366.775072	234705682.719227	491315.944155
 39.812500	234781415.257784	235238565.906496	457150.648712
 39.828125	235341925.625374	235764056.753198	422131.127824
 39.843750	235895879.845677	236282204.348961	386324.503284
 39.859375	236443260.114355	236793058.485480	349798.371125
 39.875000	236984048.854684	237296669.599076	312620.744392
 39.890625	237518228.717347	237793088.713369	274859.996022
 39.906250	238045782.580240	238282367.382078	236584.801838
 39.921875	238566693.548300	238764557.631995	197864.083695
 39.937500	239080944.953331	239239711.906150	158766.952818
 39.953125	239588520.353859	239707883.007203	119362.653344
 39.968750	240089403.534981	240169124.041098	79720.506117
 39.984375	240583578.508237	240623488.360988	39909.852751
 40.000000	241071029.511487	241071029.511487	  0.000000
 40.015625	241551741.008799	241511801.173258	39939.835541
 40.031250	242025697.690345	241945857.107973	79840.582371
 40.046875	242492884.472307	242373251.103674	119633.368633
 40.062500	242953286.496795	242794036.920557	159249.576238
 40.078125	243406889.131763	243208268.237216	198620.894547
 40.093750	243853677.970947	243615998.597369	237679.373578
 40.109375	244293638.833795	244017281.357083	276357.476711
 40.125000	244726757.765415	244412169.632552	314588.132863
 40.140625	245153021.036527	244800716.248420	352304.788107
 40.156250	245572415.143420	245182973.686702	389441.456718
 40.171875	245984926.807911	245558994.036314	425932.771597
 40.187500	246390542.977319	245928828.943244	461714.034076
 40.203125	246789250.824437	246292529.561381	496721.263056
 40.218750	247181037.747511	246650146.504039	530891.243472
 40.234375	247565891.370222	247001729.796183	564161.574040
 40.250000	247943799.541678	247347328.827395	596470.714283
 40.265625	248314750.336403	247686992.305601	627758.030802
 40.281250	248678732.054335	248020768.211564	657963.842771
 40.296875	249035733.220825	248348703.754196	687029.466629
 40.312500	249385742.586641	248670845.326681	714897.259960
 40.328125	249728749.127973	248987238.463450	741510.664523
 40.343750	250064742.046446	249297927.798016	766814.248430
 40.359375	250393710.769129	249602957.021696	790753.747433
 40.375000	250715644.948548	249902368.843239	813276.105309
 40.390625	251030534.462710	250196204.949377	834329.513333
 40.406250	251338369.415115	250484505.966318	853863.448797
 40.421875	251639140.134782	250767311.422199	871828.712582
 40.437500	251932837.176268	251044659.710519	888177.465749
 40.453125	252219451.319696	251316588.054563	902863.265133
 40.468750	252498973.570780	251583132.472843	915841.097938
 40.484375	252771395.160853	251844327.745557	927067.415296
 40.500000	253036707.546890	254101384.807240	1064677.260350
 40.515625	253294902.411548	254304585.378548	1009682.967001
 40.531250	253545971.663184	254501515.054945	955543.391761
 40.546875	253789907.435896	254692232.715082	902325.279186
 40.562500	254026702.089547	254876796.038913	850093.949366
 40.578125	254256348.209804	255055261.459186	798913.249382
 40.593750	254478838.608161	255227684.114099	748845.505937
 40.609375	254694166.321982	255394117.801170	699951.479188
 40.625000	254902324.614522	255554614.932325	652290.317803
 40.640625	255103306.974970	255709226.490239	605919.515269
 40.656250	255297107.118473	255858001.985954	560894.867481
 40.671875	255483718.986174	256000989.417801	517270.431627
 40.687500	255663136.745237	256138235.231636	475098.486399
 40.703125	255835354.788886	256269784.282434	434429.493549
 40.718750	256000367.736428	256395679.797242	395312.060815
 40.734375	256158170.433288	256515963.339523	357792.906235
 40.750000	256308757.951038	256630674.774907	321916.823869
 40.765625	256452125.587421	256739852.238373	287726.650951
 40.781250	256588268.866385	256843532.102873	255263.236487
 40.796875	256717183.538105	256941748.949423	224565.411318
 40.812500	256838865.579010	257034535.538672	195669.959661
 40.828125	256953311.191811	257121922.783968	168611.592157
 40.843750	257060516.805519	257203939.725936	143422.920418
 40.859375	257160479.075471	257280613.508582	120134.433110
 40.875000	257253194.883354	257351969.356931	98774.473578
 40.890625	257338661.337217	257418030.556227	79369.219011
 40.906250	257416875.771498	257478818.432685	61942.661187
 40.921875	257487835.747038	257534352.335821	46516.588783
 40.937500	257551539.051097	257584649.622370	33110.571273
 40.953125	257607983.697369	257629725.641789	21741.944420
 40.968750	257657167.925996	257669593.723365	12425.797369
 40.984375	257699090.203579	257704265.164930	5174.961351
